[LEFT_CAM_2K]
fx=1544.52
fy=1544.23
cx=1121.06
cy=611.858
k1=-0.0396237
k2=0.0398924
k3=-0.0334618
k4=0.0154927

[RIGHT_CAM_2K]
fx=1547.76
fy=1547.77
cx=1141.74
cy=617.621
k1=-0.0401765
k2=0.0369663
k3=-0.0256655
k4=0.00923272

[LEFT_CAM_FHD]
fx=1544.52
fy=1544.23
cx=977.06
cy=530.858
k1=-0.0396237
k2=0.0398924
k3=-0.0334618
k4=0.0154927

[RIGHT_CAM_FHD]
fx=1547.76
fy=1547.77
cx=997.74
cy=536.621
k1=-0.0401765
k2=0.0369663
k3=-0.0256655
k4=0.00923272

[LEFT_CAM_HD]
fx=772.26
fy=772.115
cx=647.03
cy=353.929
k1=-0.0396237
k2=0.0398924
k3=-0.0334618
k4=0.0154927

[RIGHT_CAM_HD]
fx=773.88
fy=773.885
cx=657.37
cy=356.8105
k1=-0.0401765
k2=0.0369663
k3=-0.0256655
k4=0.00923272

[LEFT_CAM_VGA]
fx=386.13
fy=386.0575
cx=339.015
cy=184.4645
k1=-0.0396237
k2=0.0398924
k3=-0.0334618
k4=0.0154927

[RIGHT_CAM_VGA]
fx=386.94
fy=386.9425
cx=344.185
cy=185.90525
k1=-0.0401765
k2=0.0369663
k3=-0.0256655
k4=0.00923272

[STEREO]
Baseline=63.1542
TY=-0.0106216
TZ=-0.449131
CV_2K=-0.00129489
CV_FHD=-0.00129489
CV_HD=-0.00129489
CV_VGA=-0.00129489
RX_2K=0.001529
RX_FHD=0.001529
RX_HD=0.001529
RX_VGA=0.001529
RZ_2K=-0.000197673
RZ_FHD=-0.000197673
RZ_HD=-0.000197673
RZ_VGA=-0.000197673

[MISC]
Sensor_ID=0


